,AAPL,MSFT,META,AMZN,GOOG,HUYA,KC,VNET,ANGI,TWOU,MU,RNG,IQV,FSLY,QTWO,TWLO,AKAM,DBX,WIX,VMW,NTNX,NFLX,ZM,BOX,IT,DOCU,NEWR,SPLK,ESTC,AYX,COUP,APPN,APPF,PANW,OKTA,PD,FIVN,WDAY,ADBE,BL,SMAR,ADSK,QLYS,ANSS,DT,HUBS,NOW,PCTY,ANET,VEEV,TEAM,CSGP,MDB,PAYC,CRWD,ZS,TTD,AZPN,DDOG,SHY,TLT,LQD,HYG,REM,IVV,ASHR,VGK,EWC,INDA,EWJ,EWG,ACWI,FM,EEM,UUP,BITO,GSG,IWM,FXE,FXY,FXB,FXC,CYB,FXA,FXF,XHB,XRT,XTN,FENY,PSJ,VFH,VDC,VPU,VIS,V,VHT,VAW,RY,BAM,SU,ASML,JPM,ARKK,IMO,AMD,NVDA,Z,BCE,NTR,CRM,OXY,CVX,XOM,ADM,RTX,LMT,INTC,TSM,SHOP,AB
AAPL,1.0,0.8567659072371626,0.6547418969742308,0.8237911101870884,0.7723072261272316,0.3226379220957577,0.42270449875503163,0.3267613753177664,0.6378302012042094,0.5797336639087172,0.6530747024268716,0.6447889987767624,0.6392567357104022,0.6544449374342974,0.6912402021391052,0.6836853720867826,0.6128225340062847,0.4681554855746484,0.48563117653217114,0.12497628892697703,0.08106114350110857,0.4132474797918564,0.5954540707453265,-0.005757424471645888,-0.043393678909019455,0.6854743730229428,0.6055954907824205,0.7613800567079808,0.7932517095413688,0.6318132654896237,0.6069061253083792,0.7582188356736355,0.27495611959397503,0.7120558379704247,0.6976268944335037,0.6751318748689663,0.6901331633971101,0.6926598117909404,0.7069652872832222,0.4340902685319069,0.6240528836271098,0.6680801450045533,0.5411144042304321,0.7452783082608735,0.5978710930209747,0.7533774141597884,0.7437095097865879,0.3445041066776542,0.42219919731073074,0.7050809973912653,0.8142160110617589,-0.16532082319523655,0.7890194160962892,0.536549628018738,0.6922580850118146,0.7535699112632037,0.809135004581441,-0.4551091644104973,0.7490178150508356,0.5525558784211747,0.641224031466639,0.6261267630967096,0.6539565468217395,0.6630000797847694,0.8177280546133402,0.50250600178182,0.4093494146561021,0.6427929854767955,0.5792908244991154,0.5952884381077893,0.36963275302916826,0.7177211496070911,0.6480923750971772,0.5796844697779333,-0.4739861070921603,0.6922011123619742,-0.07738370183455129,0.7577688986631557,0.3657319901037997,0.5103720043885652,0.5153765793683115,0.5949470610707548,0.5395886053795278,0.5539563810358007,0.34279234455642654,0.5394993431019018,0.7390225675422258,0.752107032692021,-0.49510087225334504,0.8777512848255223,0.5684832497905402,0.40297770483494966,0.24094367684171017,0.4059351273816628,0.3789685496937309,0.2951979241208575,0.40800252822076705,0.5897023874859425,0.6836985991794932,-0.34824577153001135,0.4153272604730748,0.21830999770263923,0.7906857861089367,-0.3558440746403608,0.7560582219366505,0.6461086445118398,0.6102530070452167,0.5640689200783497,0.34740787187357586,0.7998433500173823,-0.4348215234708101,-0.4424490812539535,-0.5422018187492549,-0.15933344390031576,0.0071056059340397345,-0.32141215842471743,0.6037549962791783,0.6383879580256712,0.6434648571140474,0.6985517043708761
MSFT,0.8567659072371626,1.0,0.8423807511298982,0.8270598020343507,0.9000767510665391,0.5871574925199473,0.6638078076356526,0.47138127927185275,0.8120319569306451,0.7745423135264082,0.8100482623024171,0.7961957704443736,0.6893089986337972,0.7934150855834035,0.8312169132895002,0.8247498213781113,0.7487517245659396,0.49475767251964836,0.47665197818472566,0.2604660541363088,-0.010808934565111622,0.4170876447492475,0.7733237365390268,-0.06862332422270548,-0.21252105237254892,0.8607108069358657,0.5871363691447948,0.8800935759456565,0.7493297147946236,0.5647133182131248,0.7682796639475447,0.8011199669041602,0.13983450677624884,0.6285745540304981,0.8776016396960531,0.7899578650105739,0.8300601892879267,0.8087045728157392,0.9067062942992342,0.6608541050986169,0.7428476709653584,0.5577462409506078,0.30925241999430053,0.862537201145327,0.7693950400933877,0.865869683197818,0.9035972666154483,-0.002918695045989019,0.27055114761572185,0.7565744172374097,0.7913225394850683,-0.41091245628981404,0.8945157831917251,0.2859238919470612,0.6509752507333896,0.7815563749154375,0.7109341079746349,-0.7270529798722809,0.8377778088328459,0.8097341470944712,0.8493054853534967,0.8454226819933429,0.7993785448884718,0.8018378333889045,0.8857784006044864,0.7575771191341172,0.6081476055632795,0.7958899449133192,0.5023780696839648,0.7931239688694853,0.5813116914085101,0.854624710825308,0.838603982211851,0.8032419543334225,-0.7707827231869095,0.8361363677281209,0.021586305922180853,0.7492327024666405,0.6524098987065754,0.7738454260507033,0.7826965454479096,0.7932033809863894,0.8107510747129173,0.7820470132305403,0.5140846591578522,0.619298206584495,0.8047676792919304,0.8299361554069308,-0.6355026254707138,0.8936492835160166,0.610324976045703,0.42728987029090465,0.2022612161415288,0.40196371270411796,0.44120511104903104,0.3195964281084803,0.5541020509279527,0.7398434793284586,0.4642172073414671,-0.2905614925305376,0.5518962915216938,0.3018133872679522,0.8784426856162811,-0.441659474373905,0.9248877102190685,0.7898849150971933,0.7507869784721548,0.7169608718374442,0.30889247498374733,0.9025831654809225,-0.6324625942540781,-0.5302742289957086,-0.6840712850486285,-0.3386677380997664,0.1394211155720072,-0.3810314585287417,0.81651883855176,0.835535483305786,0.7713658955005162,0.7370481904511127
META,0.6547418969742308,0.8423807511298982,1.0,0.6787495922357822,0.78411252197946,0.729105736462996,0.7920916484883923,0.5578862144724079,0.80192219235501,0.8202996948807851,0.7820883782799871,0.8097960824588154,0.52980153090553,0.8740399525641999,0.7797164415812988,0.8431676280312086,0.6242908032085431,0.29247492721785917,0.5590211281050633,0.20309831475547108,-0.0222449280240579,0.40980905440682497,0.7574680600497853,-0.19423082512215295,-0.33645588569649315,0.8642706461868687,0.6838161948527756,0.7483918431920945,0.6024920666909848,0.4720726978190124,0.7889660568716923,0.6740167725844473,0.07306797206372827,0.4582287913438041,0.8430437962496619,0.7030230505614242,0.7625397800188813,0.7769531977192674,0.8481308576108494,0.7006501333268182,0.7656225231283174,0.48624789219909736,0.1409470222396131,0.8110108842383013,0.7558979647326998,0.7899032094373326,0.7703243301199525,-0.23131060430208436,0.12308367459339016,0.5724513550657144,0.6885781996081046,-0.5092852302787592,0.7620688053394427,-0.012238643766191288,0.4685456666002236,0.6963190144126795,0.5758237619308222,-0.7523763079457988,0.6984991629310157,0.8417680588913659,0.8174510920173343,0.811014484228007,0.7377876929641474,0.7111443497679809,0.7305153866199998,0.7809852568085544,0.6253313261488013,0.6855751678973377,0.3403162984630314,0.7581336784173093,0.6524456022962561,0.7617725514734143,0.7925783278290097,0.8018137681134738,-0.7536664052723041,0.8033742620976683,-0.07385452802792186,0.5740415715939561,0.6835696892407594,0.7839422367101307,0.7536189884381841,0.7125895731932774,0.7865863905128848,0.672603853660245,0.4535571737300587,0.6185153461792523,0.7245536968953289,0.7174116012752011,-0.6780613801618085,0.7002374772493418,0.5121241201557051,0.23194264005404144,-0.020632148652387366,0.28123218558957286,0.34707764254081747,0.04923588597917226,0.48207964393876657,0.7069324220773967,0.581599098934516,-0.2678158374544071,0.5018195806618795,0.3174573027578853,0.8255619102806646,-0.48352673479977853,0.852621477885948,0.7364740874469357,0.7131792935887646,0.5972705713989659,0.17512460860874854,0.8661153023720342,-0.7548499141713323,-0.6283246462247721,-0.6802034074878611,-0.5509293028274458,-0.03748683165872249,-0.498364008826055,0.7875266821623222,0.8675485919707657,0.8048227612041748,0.5592397508628966
AMZN,0.8237911101870884,0.8270598020343507,0.6787495922357822,1.0,0.9319778297431093,0.3809383829271897,0.45994866905726023,0.5445419101108153,0.8388659359798925,0.628732468299426,0.7533669796757145,0.8059689386556995,0.5648201793252214,0.6533211869148624,0.9027304370065985,0.8579709891034373,0.8234669977978376,0.41873810948418205,0.33781837715344726,0.053073728993049726,-0.13228108852683196,0.29446690984968776,0.7863665066177142,-0.20643945490649718,-0.3693112606503408,0.8129252674166388,0.42777523389454364,0.8057916739334101,0.930889430802018,0.5573303594527865,0.6588081790140466,0.8723891036147339,-0.052317833730957115,0.5944714768872719,0.8211451520499006,0.5941200622640278,0.8316709771406632,0.6821652589352963,0.7730819963803772,0.4891441462043632,0.6017207914489706,0.4656725185331933,0.5562557733749476,0.6023454772217017,0.5766666730691707,0.7259496353480551,0.8205492604985047,0.23777536773890545,-0.011060359579617356,0.7040358432460327,0.9518955967349999,-0.41676749903565685,0.9111997057901081,0.4880985962035001,0.8673845760786565,0.9200490049818443,0.779234534911548,-0.6309391920503619,0.9314527902079737,0.636125093381566,0.8013230545611014,0.6907129820068041,0.6324945524553417,0.7668555156045573,0.7402471805272066,0.6530176606469497,0.2777448662804425,0.6981184720038033,0.6495420101909825,0.5392830161429767,0.266249499137196,0.6634852015927802,0.8254275872995316,0.6624662789750322,-0.5851480616480258,0.8018269496693876,0.17314481107711702,0.6694494869393223,0.3892934196221041,0.6187894148232469,0.5887032950295648,0.7991026400147477,0.6706440861278944,0.6813269923927593,0.21844051862461908,0.34268605891074877,0.7089052801807381,0.7272079889662759,-0.6866307481652484,0.8312535925253276,0.5106076813668059,0.17455169993705702,0.21052240385954105,0.11838680254850588,0.09165310650401938,0.17563751520507018,0.3076610821468102,0.5726828990013686,0.6373762492759508,-0.35844850177695764,0.21121057518796255,0.04111022215546546,0.8943028281332098,-0.5330827874967813,0.7772650935072728,0.48079520787178337,0.5907940725942332,0.6983261853022193,0.47149692542301563,0.8034124953662762,-0.5371542167723781,-0.564201900301285,-0.8172830131783589,-0.21571869576235853,-0.17479496772066808,-0.6119780289751805,0.7993292329304269,0.6371527489995008,0.6466528298328742,0.7000896256634976
GOOG,0.7723072261272316,0.9000767510665391,0.78411252197946,0.9319778297431093,1.0,0.5130135652557702,0.6041138108441616,0.6089359382756401,0.9095533171822735,0.7663790050743694,0.8499700774228421,0.8762210042880673,0.6134458731579424,0.7444930564421179,0.9340829220303302,0.9152824629596418,0.8714599230145716,0.42138204148,0.35952486508795967,0.118220698704667,-0.15696535087291058,0.30114189539975594,0.8781240555376957,-0.26076185836996296,-0.45608291429249087,0.8851449202250438,0.4144653742523359,0.8357684241801957,0.8477256362299959,0.44363964127243954,0.7170964257125927,0.8900607434525123,-0.09627266017650128,0.5436335392254178,0.9025616086876257,0.6395610529794479,0.874559025752993,0.7268156504689978,0.8869922211821805,0.585327862636362,0.6492952126882598,0.41438872826398576,0.37463686577145566,0.6823198420204457,0.642188425628935,0.7766976040394514,0.9006348799770877,-0.020183725478139368,-0.04412938149765349,0.7482219929513019,0.8732642676129374,-0.5525513953769391,0.9267393906962299,0.2984881328698062,0.7953402852548662,0.8990315114595596,0.6863650566724754,-0.7788132295966113,0.9407637740654872,0.7830523773697853,0.9015511273139456,0.8116219619178758,0.7036536539070387,0.832502178018847,0.7807873088903826,0.7810892809720673,0.41015660072786614,0.7741273258748987,0.5668869169631833,0.6660048721153932,0.4127630993694178,0.7438236734690439,0.9050573595777327,0.7809066012396658,-0.7488214544664824,0.8613956628991764,0.20496981818813478,0.6500406184582569,0.5595324345859816,0.7589937733377077,0.7440998015679042,0.8846604213946426,0.7987568426992733,0.7795335365121479,0.30730507012562347,0.40096430226554514,0.7452246748163588,0.7622498380457482,-0.7382235940212949,0.8199802605255248,0.5330262087691071,0.23415650566202292,0.14496483163836646,0.135611469764286,0.18219568156296057,0.19246340077490853,0.39957471767825686,0.6632931593170102,0.35639279782945343,-0.2884339406743027,0.3139374180947127,0.12202467408497812,0.9277142501591129,-0.5089917221242137,0.88098358130778,0.5918910328181148,0.6718318526557092,0.7840308148123861,0.4044053173377446,0.8680408753198019,-0.6354101415096621,-0.5931636101156952,-0.8559920781720044,-0.33176600541732676,-0.07244762155358248,-0.5971930024945155,0.9176283362798363,0.759637673570666,0.7258928967463768,0.7140552586787399
HUYA,0.3226379220957577,0.5871574925199473,0.729105736462996,0.3809383829271897,0.5130135652557702,1.0,0.8660766533732491,0.6665478203302705,0.6003310693845858,0.7027981965769834,0.6735155257924844,0.6666587899181581,0.6237323387469675,0.7246351131409163,0.5852021549733573,0.6256471790105321,0.4608066296453863,0.46085914829765906,0.5643478682632709,0.49334672392696843,0.1974102539229809,0.6093125226763472,0.5521699805639113,0.12084465057795879,-0.00776515591892578,0.7344311137589158,0.5766119094794264,0.634474295433067,0.30398099755687663,0.3049597840302288,0.7996018793943647,0.3798067180748472,0.2669367006746734,0.11265979380124182,0.6967323701493912,0.7351062477137295,0.5808836303929353,0.7038898375282167,0.6998475548964466,0.8057312712676741,0.759859971069203,0.44366450571530514,-0.2618058174000563,0.7111886688839891,0.7603260526949183,0.7201999773809422,0.6919285100427057,-0.32118684987878576,0.11066935451503894,0.40711771369691513,0.4031302283569682,-0.22953743753742556,0.5534111377747483,-0.06201044577080638,0.043258834400092,0.46440109963469417,0.361583445868708,-0.7143038966372025,0.5015213049671047,0.7325896617085365,0.6700316010045095,0.7834043536402389,0.7674666954260744,0.6410050724123902,0.6700687528768277,0.8240433867291217,0.838644983217193,0.6825497173770713,0.2412384029909663,0.8436692860308205,0.8519584784089234,0.7889747719271609,0.6755932286878159,0.879311704526678,-0.8182777596694738,0.6235573126041845,-0.19480098541057939,0.6182483888723002,0.8556028154742353,0.8062655422836177,0.7917769475924492,0.5506369739234144,0.8253965206321995,0.7086996658723369,0.7310009416804589,0.7438021313490178,0.7248640341720215,0.6838636893272325,-0.3774399767644009,0.5955308781958164,0.6831620052665623,0.331412163454599,-0.050569902530128705,0.519039643692127,0.627178870005722,0.27858992251402775,0.6379921164312764,0.8046973886351063,0.38232083807429107,-0.17542652719950563,0.7318416196747293,0.6483286783591297,0.6363768370539806,-0.28933025777747745,0.6521370047392884,0.7139925055658279,0.7884428820156167,0.43523340001312083,-0.054490394249875486,0.6283525375277502,-0.691376143576598,-0.35891364631145883,-0.32952587177816667,-0.4830378260556048,0.309520657910309,-0.2491332541757695,0.5645315381879527,0.8562745485488439,0.7794193609523463,0.47914572772447656
KC,0.42270449875503163,0.6638078076356526,0.7920916484883923,0.45994866905726023,0.6041138108441616,0.8660766533732491,1.0,0.6787333999991454,0.6779798825897393,0.7078837733609463,0.7664727354005663,0.783138571745844,0.5544038776049064,0.8596532053216768,0.6153927711159947,0.7471731012563843,0.5083592712164102,0.45173607480079575,0.704897498407419,0.5162876768624581,0.2123634142619577,0.6854641904506797,0.6938731361682773,-0.15627152332953792,-0.08245005897645291,0.7975533604568671,0.6753287003878962,0.5869444652970495,0.3771712873945772,0.1388597563743161,0.8420717524816644,0.439909750511367,0.27784892370687264,0.17288431326863368,0.7944472530853997,0.7116467531286441,0.5661780316088679,0.7468711704725599,0.7583655341992203,0.7744583056302689,0.7836189423874779,0.5377423251344899,-0.22051194344273828,0.7743171487078705,0.7634178497325232,0.7611681417283234,0.706002022512916,-0.3317365578067004,0.19686395698492212,0.5428275044394956,0.47742803900183095,-0.22989837900970508,0.5843374587800924,-0.04638055951581706,0.13983220517315198,0.5781090686687202,0.45867993637043,-0.7097053286001669,0.5765670129745964,0.8171713824424632,0.7485301786576553,0.834439384585575,0.7885682270533488,0.5799719808191992,0.6793288659767173,0.8374562567945407,0.7786135586997357,0.6294289024423974,0.33930667204886333,0.8534638166470454,0.8308317169758532,0.7783518397136517,0.700638836761745,0.8721179686456457,-0.8293760530294202,0.6802592890587054,-0.29761031088278067,0.586744182519247,0.8537346398467869,0.8402062475030367,0.8355967383635338,0.5497425437961551,0.7847628050748472,0.6057552991859977,0.6983383976891823,0.7204452153533286,0.7136311109368725,0.6555701093918699,-0.5087755508019876,0.6479975054088262,0.6504226147565055,0.27137546030218634,-0.22608358243155738,0.4520487515023443,0.5126016153453973,0.2132590493251069,0.5101947248615654,0.7750630141512566,0.1984560637207603,-0.32860493877489555,0.6786816901983986,0.634426298313676,0.749587321860016,-0.3827114552034167,0.7339549233207658,0.7505341089013646,0.7888027860299465,0.3918765722951127,-0.20573394305768006,0.7455910568106586,-0.797782562462765,-0.49185541056910115,-0.4547654633942478,-0.5422379452665967,0.17771992181119645,-0.33105116326942674,0.6407348412150397,0.8708137694189862,0.891549957101031,0.47798992906605475
VNET,0.3267613753177664,0.47138127927185275,0.5578862144724079,0.5445419101108153,0.6089359382756401,0.6665478203302705,0.6787333999991454,1.0,0.6995749068821967,0.604297275293164,0.6884484274331618,0.7897067642022426,0.544298563081108,0.6345024308390819,0.6816259350310729,0.7260206579346965,0.6691231183177262,0.5688832381974809,0.5129828855491542,0.3074778522953678,0.1496868652864542,0.4685238336323966,0.7124813289069801,-0.08976821152497727,-0.17051708667694218,0.7389172197160727,0.4330821678776095,0.48821179283932353,0.5161845086403203,0.07923527429306353,0.7867374414649047,0.459250346202521,-0.015244969656193862,-0.05317430740109148,0.6762618757037941,0.41284634084341687,0.6439443013579046,0.5631471773618295,0.6273471153603282,0.6501663262847195,0.5894268595543609,0.4556212831124215,-0.01157212435990155,0.38884189461174706,0.5600563319645482,0.5125497261286561,0.6088094228164581,-0.024653406420237525,-0.22692201561837771,0.49994141758629596,0.5734643078817349,-0.13610554664345056,0.5668370920880715,0.23731274025027502,0.2907835586178481,0.7090918189578836,0.42418722549589594,-0.6002704746880536,0.671878204434457,0.5776137615430453,0.678738123044271,0.6732352102172846,0.6155793929416443,0.6474153946566886,0.5468303902228143,0.6913099518014116,0.4439910788895747,0.5707858489646392,0.6076820812109684,0.5912047544024168,0.49600358052709176,0.5978480785190792,0.7156469320330411,0.7547272758466181,-0.6566568739676835,0.5656672112764688,-0.05042902572561357,0.5017817298837403,0.5702118799320284,0.6690557218364016,0.6225722068583527,0.5853502972672168,0.5965441037435383,0.537628229426749,0.3592815167432988,0.40137711228752065,0.6484671072863569,0.5690992782812704,-0.48272424117627455,0.53416514336708,0.6236234802066672,0.1767100157855262,-0.050600914672678354,0.17000413901722627,0.17475644600826176,0.21427948760004467,0.3351437778529938,0.6358066730631846,-0.13971712941761286,-0.2852496279218064,0.3303576608996752,0.38340417522047837,0.7150075431736667,-0.34927395104688813,0.5185219132757796,0.2941383767363996,0.5603356415043953,0.4372906573272042,-0.013818218969753928,0.4959160601236007,-0.6400940062664799,-0.4328755552308655,-0.5564021266933167,-0.2580065420345834,-0.11608297568520413,-0.5307538309241222,0.6347368951691837,0.6425512774896037,0.72266205402326,0.47310464785373246
ANGI,0.6378302012042094,0.8120319569306451,0.80192219235501,0.8388659359798925,0.9095533171822735,0.6003310693845858,0.6779798825897393,0.6995749068821967,1.0,0.7802671538507369,0.8578220001845673,0.8959403409746436,0.6376339725381382,0.7899946081884097,0.9369589468830098,0.920325476083241,0.7972510792031012,0.43110624403184866,0.3421263404149496,0.23926824915146083,-0.251241316994697,0.26701021885583054,0.9393513488077788,-0.30672671888456843,-0.5144583004006947,0.9070207393372246,0.46782157329746515,0.7406873497320285,0.7889514477063975,0.29035886541759043,0.7570553235428478,0.8083884485452851,-0.12869509568087625,0.3123517619458721,0.9060940502329372,0.5461116662855581,0.9219796039302677,0.6462475184543937,0.9132748763861424,0.6765357789231501,0.6051511564983235,0.45243873012204794,0.22249961175186966,0.6443698138744457,0.6346582742775138,0.7196174305185139,0.8580386547902016,-0.09595041459533343,-0.2048375724935603,0.7821554864330571,0.8288715355285392,-0.5456459051529376,0.8733880586896516,0.22056191310288453,0.6617263290506608,0.8539077559615417,0.5874166338021782,-0.794986169635735,0.8901743050745419,0.844159666330314,0.9283129586351103,0.852168038912978,0.71924312104637,0.8591356574399776,0.6983682143147601,0.8528491272194507,0.43706224516927644,0.7035864848864977,0.520523421942723,0.6847140927129289,0.4627820600953866,0.7061124198151297,0.8907407801382603,0.8223064663743598,-0.7685912826436382,0.7815375479363693,0.13343567054307665,0.581594324975359,0.5823087283583827,0.7947849612709388,0.7482412494117646,0.879090477831834,0.7824889277165071,0.720257561420153,0.30774169764325515,0.44737283392175936,0.6990549140125982,0.7168167243297381,-0.7851372978049109,0.7420311729596519,0.5273183019677442,0.15690886464724313,0.0717734323901516,0.07770093648720068,0.17359511801354366,0.0816737028013839,0.3294554759314486,0.6582310096688866,0.48725913749922,-0.29056095826511624,0.28778479823499925,0.16199787301837257,0.9062602849468298,-0.5648352646967629,0.8701829295293958,0.5098656026891806,0.6324874250254432,0.6987015395581097,0.20199499368384607,0.8251951261578665,-0.7283035922442136,-0.6905311331525549,-0.8555088400974864,-0.4864095374040785,-0.16598625767158245,-0.7136110624704243,0.8998412332009696,0.7959644944851796,0.7379761086460958,0.7054283215318193
TWOU,0.5797336639087172,0.7745423135264082,0.8202996948807851,0.628732468299426,0.7663790050743694,0.7027981965769834,0.7078837733609463,0.604297275293164,0.7802671538507369,1.0,0.7308776335518254,0.7922257678159255,0.6994301928619744,0.7978544157943922,0.7759496898241225,0.7980288080764926,0.7145548069893303,0.44676478020424903,0.517849932581746,0.19064598509156716,0.008086576178099577,0.39539197073447185,0.7904233568232477,-0.04517019252274958,-0.2752438224093808,0.8126992294093347,0.6112345131064559,0.7660620616200083,0.6034430115123819,0.34928791785842733,0.7168891063941487,0.6918656278242165,0.09701855864760234,0.389171605270484,0.8087248026524475,0.6469179132197429,0.7496213755369534,0.6966925492566305,0.8285245669756156,0.7345850435184306,0.660220240918332,0.4422759962938299,0.07797634723240714,0.7111357567824506,0.7790908253015599,0.6929385712686398,0.7868598562630964,-0.247136679569908,0.02244532857907053,0.6452452218169142,0.603669900507654,-0.40966746645509633,0.7453880320048025,0.0507087068704235,0.4705746750200201,0.6839603648352263,0.4063809028020247,-0.7491082562263159,0.695504437852651,0.7436068150725249,0.7913599223340283,0.7935522298772384,0.7180651674027204,0.7816496113357442,0.7468705978695955,0.7825151957758456,0.6258491386375505,0.7380867540083599,0.41517101634986214,0.7373822173800296,0.624179474715878,0.7709211126242494,0.7635097931135277,0.7933464018345683,-0.7679108298294699,0.7320301456824952,0.005101355589144647,0.6235062703145617,0.6722537972976725,0.7399376010173836,0.7548604291691753,0.765907734210267,0.7821973371102335,0.7204667429232737,0.4558061929918125,0.5545438784544695,0.7393355232882552,0.7273646985597733,-0.6079603321806172,0.6917304391856138,0.6064858304658735,0.3396461380203923,0.06316974094984937,0.3112979687399441,0.42292722096766483,0.30290692241497225,0.5166184986250256,0.7657067959787159,0.7972351330934768,-0.19086539180977968,0.4942014484272098,0.36137380926518053,0.8125379070451604,-0.37234312883791604,0.7684612225123428,0.6567321135749724,0.6714269772154479,0.6671379984029274,0.15673268909003368,0.7848192458880209,-0.6698390664401292,-0.527527327736061,-0.6298577270483263,-0.4394168449259695,0.12542234276317576,-0.40820014061502075,0.7964612740544111,0.7939397713732038,0.7811263593010643,0.6604877358036556
MU,0.6530747024268716,0.8100482623024171,0.7820883782799871,0.7533669796757145,0.8499700774228421,0.6735155257924844,0.7664727354005663,0.6884484274331618,0.8578220001845673,0.7308776335518254,1.0,0.9163412286127977,0.6182627617483296,0.8296530227760589,0.8923833301663584,0.9100421061098996,0.7952415757775211,0.40242243433152086,0.49917552512580976,0.2345735918383638,0.11933601215492269,0.512843029274248,0.8114655935440257,-0.15268108779127118,-0.26316880519902547,0.9339811275326636,0.4735362854886964,0.7727549015411742,0.6070396022633344,0.3126342422367452,0.8349828322629823,0.7312094070871431,0.14818266451088205,0.3614948972340394,0.9046546544646085,0.6687823859578306,0.7582543808549601,0.8131681844798635,0.8743607765308989,0.6176396410888414,0.7702563942804804,0.5387902615989439,0.01765551064056522,0.7552776576325642,0.6249720677170207,0.8593786836250181,0.8572073006214636,-0.21210812449352298,0.06086781813387608,0.6212229261063502,0.7046110282031574,-0.4475245921431665,0.7766950462066321,0.11334968054703358,0.4828114906066909,0.8269075033459259,0.6639216298349376,-0.8220412390455406,0.8649451269182944,0.847372515283075,0.8885603775973474,0.870205713136645,0.8449957794243744,0.8101626917878793,0.8186106239799507,0.7918531945044174,0.6602239565161045,0.8347269698778603,0.5399817304745334,0.8431133730269824,0.6914280738582748,0.8475225217354476,0.9083270498530549,0.8897980233662076,-0.8773130843291279,0.8997934802186099,0.048295955351354565,0.7345301476364643,0.7779324565472133,0.8946853353745351,0.8837151635700683,0.7960325153769714,0.8325476760015443,0.7719137790838626,0.4797890121940228,0.6286877460056239,0.8447491911870403,0.8701743845273703,-0.580830898393241,0.8106192848778604,0.7365217794788833,0.32613098557475,-0.0734513251852702,0.3588556137931474,0.3743975867519594,0.23360715520323821,0.595607018511367,0.8221493754591855,0.6723058810036072,-0.21212465801152983,0.5587216587945385,0.47917026112842126,0.9015874208514939,-0.3474878418356731,0.8840142906081812,0.710997485963766,0.8657736757953619,0.7121941160500342,0.2120019772413036,0.822841489074839,-0.7185354652294221,-0.4662142129823361,-0.6782215986939216,-0.32586948410241917,0.09693875493266357,-0.4480235894842083,0.886241113928242,0.8769326498906935,0.8411630569471142,0.599671372998281
RNG,0.6447889987767624,0.7961957704443736,0.8097960824588154,0.8059689386556995,0.8762210042880673,0.6666587899181581,0.783138571745844,0.7897067642022426,0.8959403409746436,0.7922257678159255,0.9163412286127977,1.0,0.5971240728228148,0.8941225092473819,0.9105493347242513,0.9764163432570371,0.8369227311596878,0.43976542950323366,0.6151188352308701,0.22811303414464132,0.12975045332882304,0.5408822968415617,0.8742539643202378,-0.24439381803695523,-0.28866165298166796,0.9563347125585543,0.6001122935797649,0.7629608618917766,0.7082936586820633,0.2895364887653897,0.8958460692581476,0.7236951388711282,0.09876553855751732,0.3540476447630523,0.953992651404221,0.6519000505698521,0.7925736934038934,0.841200750003024,0.8542887610953356,0.6821295676576247,0.8114029210137779,0.5046357508941453,0.11193328712111866,0.722605514398697,0.6926259355784715,0.8215787061745031,0.8479650753899711,-0.13889679543837505,-0.002416688874052435,0.6560823333232408,0.8017230341360527,-0.41178495631360296,0.8235531996227667,0.16777334118863724,0.5541517232709103,0.920143281726246,0.6746712291143613,-0.8365150489227655,0.9078330796567208,0.8286198119103325,0.9259727142928477,0.8749878339554492,0.8013868594673214,0.78325942892816,0.7796517990851093,0.8170374919638425,0.579548395583717,0.7655640003944291,0.6359777614918098,0.7829052965390021,0.6258764891949474,0.8019613696725896,0.9322783391130649,0.8820908274850774,-0.848878258725243,0.8827115612748705,-0.05282262519907174,0.6702163356910378,0.7377558103220211,0.8803699429575939,0.8534154951900794,0.7666970051826015,0.8150574799226958,0.7093968161576094,0.46382029261062035,0.5494701175375146,0.8297850563524527,0.7874719775959258,-0.7194441143426622,0.7892309578595201,0.7040153803391613,0.26081077289615673,-0.08929985449398055,0.2611431654230884,0.25053507142734216,0.21063068906449256,0.4569960133623475,0.7896754278263777,0.3468227373969813,-0.40635915167734993,0.44419653647885954,0.41500453907457086,0.9584436923984685,-0.5113518863018109,0.8196803065920946,0.628116423614427,0.7792656557631902,0.650881244718199,0.14739213312244784,0.815505174445999,-0.8289188186982303,-0.6129888858054278,-0.7935039802499364,-0.3636336304921228,-0.04250473089575633,-0.5611328841504607,0.8774532899045077,0.8520155272521045,0.9017139724655647,0.6092703189486187
IQV,0.6392567357104022,0.6893089986337972,0.52980153090553,0.5648201793252214,0.6134458731579424,0.6237323387469675,0.5544038776049064,0.544298563081108,0.6376339725381382,0.6994301928619744,0.6182627617483296,0.5971240728228148,1.0,0.5850639881502934,0.6267024921650529,0.5546533914915007,0.645563697309055,0.778680264107903,0.43011382786516933,0.4592955712637501,0.10059932125391555,0.46509362989222136,0.6220329350653014,0.2981746183434747,0.1096555740656508,0.6578691725327441,0.5366294686671171,0.7148770169289267,0.5871568390233122,0.3526522735544691,0.6463927736765263,0.5419035110754633,0.27240717090420086,0.28100800478962096,0.6498217113229514,0.6005533299014506,0.7147831397258957,0.5752291294724113,0.779306427971005,0.6899937057307542,0.5341888012696792,0.6578309945797992,0.1270846113394536,0.6454505993287216,0.7016727618095366,0.6262877865303604,0.7292224728882969,0.12197123539315224,0.17831751900083703,0.746259341469187,0.5399581651943023,0.016055573166531847,0.6904190422036086,0.4506367746324429,0.37038110833202115,0.5645207918999909,0.43827323109293564,-0.5306041283624394,0.6024929023513061,0.5763510569778055,0.6271830026884084,0.7331484900911441,0.7808352840262105,0.8238265772133482,0.8350595300173099,0.6814330606463542,0.6677042117012495,0.760183627340828,0.6086611696305042,0.7350356159178193,0.5954699098996529,0.8217255236056694,0.6555441126293025,0.7575344135961894,-0.6628809252545764,0.5177730151819291,-0.04535930432355412,0.8287730788708507,0.5720817397445297,0.6068104685348323,0.659513223820029,0.6914377614554038,0.6681191137063502,0.7231305554155799,0.5680073836579584,0.6539289128053023,0.7885958285329426,0.7725609298620864,-0.2851025876722144,0.7787783215219038,0.7685837462461204,0.6471932432432624,0.39642211922923654,0.5953760133711047,0.6517135095389277,0.6334665656586658,0.64477448784276,0.7685414713014059,0.49659188274429034,-0.13051395634561738,0.6162654804000824,0.48451769777960996,0.6777108982082475,-0.1373370011477898,0.6512540943495774,0.5508015682086996,0.6346942646350792,0.6336450180728226,0.1317451651385018,0.6306476276976946,-0.40528857541033175,-0.23361295800470808,-0.3270122727388122,-0.1301179266271299,0.3331875424237375,-0.18575216668146732,0.5828158646976039,0.6940115163498081,0.6595377845194866,0.818406367169778
FSLY,0.6544449374342974,0.7934150855834035,0.8740399525641999,0.6533211869148624,0.7444930564421179,0.7246351131409163,0.8596532053216768,0.6345024308390819,0.7899946081884097,0.7978544157943922,0.8296530227760589,0.8941225092473819,0.5850639881502934,1.0,0.7550489491811809,0.8850493734401178,0.6387205262872679,0.4201012450025441,0.745536725560647,0.32618076977881405,0.18940428302802637,0.5884277179912165,0.7907620935270935,-0.17202415419284847,-0.15944453378970563,0.8946735323816025,0.7725474999922729,0.7132345315069427,0.5942233425558998,0.31480251969501427,0.8846950254740283,0.6120577859950815,0.29211541996327994,0.41870502267162846,0.8951883380159363,0.7478530520637441,0.7100490193183205,0.8294309542664677,0.8133972862704993,0.7319047984055015,0.8603063598272483,0.5709754673386249,0.02915006051185164,0.8424596717300856,0.7616835730676991,0.8540383235899333,0.7895222861282972,-0.21194326008187844,0.2271062111371508,0.6405341619815761,0.6819772413167974,-0.3311064621907323,0.747284174233331,0.032650245892329094,0.4065798525223991,0.7793953604070215,0.6398648291137655,-0.7487571999814814,0.7431812112924657,0.8161488161307959,0.8115441196668343,0.8260352481424956,0.7817201370389595,0.6524566196798536,0.7665424194124728,0.790619617105816,0.7118756815219905,0.6847648174525446,0.46599200606846686,0.8174066550526977,0.7540514561341473,0.8135007019274662,0.7941908959362829,0.8536274283892233,-0.8013870521423221,0.8172796303606615,-0.2530775604291981,0.6397809758265404,0.7749604592641296,0.8191124972533139,0.827518979401169,0.6259086938000922,0.7714694828174816,0.601999627960621,0.5594114237044255,0.6740974239947509,0.7973067397263843,0.7423190577688354,-0.659354434566488,0.7729092978749444,0.6616504701845501,0.31821707641823255,-0.1804026585457012,0.3825553110933209,0.44164320842303406,0.18504293158382115,0.4885785912063107,0.7911806770406589,0.5792873756260317,-0.39354726522838035,0.5696885454266327,0.5217155694304038,0.8815729055366331,-0.45972082592511726,0.8049880852745331,0.7673016241859317,0.7833563156898875,0.5167076430124258,-0.03326989213572751,0.8453422855325431,-0.8535053022502717,-0.6324144929677439,-0.6312091651456462,-0.4963624776187281,0.06159978294102169,-0.44017270683310616,0.7447768402725735,0.8870920071565368,0.9199200906652717,0.5502962779992031
QTWO,0.6912402021391052,0.8312169132895002,0.7797164415812988,0.9027304370065985,0.9340829220303302,0.5852021549733573,0.6153927711159947,0.6816259350310729,0.9369589468830098,0.7759496898241225,0.8923833301663584,0.9105493347242513,0.6267024921650529,0.7550489491811809,1.0,0.941285627383884,0.8865477193944795,0.3841944849258458,0.35128283444722624,0.1173913814867016,-0.10960157087230417,0.31209421119649533,0.8734367750325602,-0.19118955054079959,-0.43905394961416455,0.9328641260355466,0.41927716488184924,0.8521921350529817,0.8120601270003988,0.47556970796693077,0.7912017704885155,0.862787879525764,-0.053421100355389765,0.4561533497643281,0.9072300165834928,0.6151890395725836,0.8951537954430557,0.7455922251119117,0.8802264904178231,0.6260148385687409,0.6796471764260288,0.42543895580561636,0.3092076282438462,0.6540336628019267,0.6372249155649043,0.7816016035648637,0.8832184963785539,-0.05625813680980691,-0.1376378221512344,0.6725177032910208,0.864883777321471,-0.546105716046786,0.9019903824858952,0.24811054133720997,0.7284410772418968,0.907256213309033,0.6763745682988307,-0.8098009600193388,0.9470528193577228,0.7851958947576273,0.9165200222380455,0.8260386420181661,0.7507991641912973,0.8875486808726878,0.7758531691991164,0.787143954574028,0.46002177842924197,0.8174668871873674,0.5967856316563694,0.6958253422788951,0.4632487377428608,0.7627885410255093,0.9409981935880013,0.8219898174394124,-0.7855816586594024,0.8828214866795916,0.23231467517023904,0.68616530443454,0.5995361251504674,0.8029139173879458,0.7702716329316031,0.9034134189270486,0.8136866273368552,0.8100719495997795,0.31712612081818,0.43689917944421897,0.7759085544129951,0.8115325812093698,-0.7019046577090229,0.8077290773938026,0.6141224531619589,0.22747830405105662,0.14785634575541473,0.16113134616897282,0.18265414078760095,0.18832348177183802,0.463791801409305,0.7161062793186717,0.6383874322553931,-0.22720616253765047,0.3311314675023371,0.19902507751884907,0.9291823825057367,-0.4725498204545076,0.8563147817319179,0.5544291666281194,0.7150990155246508,0.8000967754646391,0.4226813541836699,0.8138530893313528,-0.6588150350743337,-0.5616982180038038,-0.8388156370198809,-0.301914658027779,-0.06608427575760598,-0.6025885738064622,0.9301255963797629,0.7787287639538483,0.7361502087360055,0.705739021469827
TWLO,0.6836853720867826,0.8247498213781113,0.8431676280312086,0.8579709891034373,0.9152824629596418,0.6256471790105321,0.7471731012563843,0.7260206579346965,0.920325476083241,0.7980288080764926,0.9100421061098996,0.9764163432570371,0.5546533914915007,0.8850493734401178,0.941285627383884,1.0,0.8316613924779416,0.3664173441548128,0.553231941964493,0.15537441741251412,0.01830910638297719,0.45561401191905304,0.8987073598732808,-0.28718005942323743,-0.3990434578213468,0.9623590466833782,0.5666093393254029,0.7931698896068614,0.7615377930825539,0.36882191754630095,0.8440097036649834,0.8172473536418455,0.04464429491746623,0.4431867509327976,0.9526441032128277,0.6675309138247731,0.8206874854542578,0.8154409019266691,0.8600268815146773,0.6420835923311174,0.7815337490007315,0.4736101326439237,0.20615523351921405,0.7202542712095152,0.6840055646657197,0.8300398518746391,0.8677041783505511,-0.1368689892415937,-0.03758122431480358,0.6666642567068781,0.8491986672582905,-0.5083186233970465,0.8630537088009983,0.15952634169143856,0.6508065078032508,0.9316949189292605,0.6987749751606852,-0.8171733650834658,0.9276595161690234,0.8154722660055332,0.9168364887005619,0.8376594590657893,0.7569400829263394,0.7772207049306963,0.759497445803405,0.8016467200982677,0.5152841892772857,0.7554279467011231,0.5700363446821799,0.7322309241340146,0.5577730153593432,0.7668996695908672,0.9177694894075096,0.8383447996365545,-0.8064304782997307,0.9097545024256449,0.04033790082893341,0.6430625732616356,0.6762228911957419,0.8378524601866022,0.8110156633697125,0.8008610767896004,0.8018062694567297,0.7077137845891166,0.37252130988491156,0.4903806875996727,0.7887061801397094,0.7744878009776333,-0.7505609368291964,0.7959395314416348,0.6252643764881235,0.18301404184943842,-0.0837978907562608,0.181143336536681,0.2008046547912845,0.1321675642588018,0.414740352532647,0.7390315487971052,0.7290794816103253,-0.3486748011511197,0.375241168360246,0.30905701975999395,0.9670671482240093,-0.5298888575715938,0.847463524684057,0.6310398523288434,0.7438485545230245,0.6776437889869016,0.23155936494527232,0.8692810319040389,-0.794535186360451,-0.6425652894154859,-0.8352108981846713,-0.39967345587756375,-0.08933641209660545,-0.5998956376651404,0.9017780028880462,0.8206304275062585,0.8572144210874113,0.6101653072424615
AKAM,0.6128225340062847,0.7487517245659396,0.6242908032085431,0.8234669977978376,0.8714599230145716,0.4608066296453863,0.5083592712164102,0.6691231183177262,0.7972510792031012,0.7145548069893303,0.7952415757775211,0.8369227311596878,0.645563697309055,0.6387205262872679,0.8865477193944795,0.8316613924779416,1.0,0.4753946221453947,0.35187296985684957,0.10277420529478144,0.03060029462906696,0.298954561811035,0.7781858110511706,-0.06597538894696901,-0.2915094061323654,0.82291763992244,0.3157490277899556,0.8103076321597995,0.7211116963155315,0.3581331988752437,0.7145655917262073,0.7420650591090054,-0.08100204695694828,0.4290750973784319,0.8104120278403522,0.512559780477061,0.7792914036797253,0.704400242714141,0.8035830465755952,0.5190377865351982,0.6060323406371508,0.34646903554503733,0.29374830282378284,0.5305158605562965,0.5497776114471032,0.6495754577273013,0.7725790457153261,-0.07249422160661195,-0.11369779142572951,0.5824277485144729,0.71583434054724,-0.39936673857225075,0.8203526166062745,0.2500250204851083,0.705943610961669,0.833645014605838,0.5222667262703558,-0.7483764197935562,0.8550868258316352,0.6599725570672638,0.8135416434654983,0.7430901507905717,0.7116104041090305,0.8380418156543264,0.7816407573484029,0.6277107965034368,0.437534202897618,0.8519763744375276,0.7348642465186583,0.6256569640279344,0.4162458114406246,0.7444884995581865,0.8976484350346456,0.7451035261887772,-0.7588146047223392,0.8276244097761468,0.31808444676453246,0.671880936844133,0.5673289436675324,0.7214091847569615,0.7493835119535529,0.8755156683529676,0.7407893100665106,0.8194253020367934,0.2878205967946341,0.32241145051522196,0.7604467568196849,0.761899326479996,-0.5115115655995661,0.7332540745483452,0.6265091400328059,0.42984714418791997,0.28548757731146646,0.22705953922589459,0.17960898899616995,0.42753491045693237,0.5597496915239512,0.6937919811406209,-0.19017752554566847,-0.13810103390064252,0.34891347409389994,0.2041731713915511,0.8266482439834942,-0.26084763726037735,0.71853700147841,0.4555992736395425,0.618551199976979,0.8792495239624109,0.5095609911869186,0.6757419824206481,-0.48692411710937417,-0.30667559929389,-0.7259226574009608,0.011880791787729647,0.09359176060042707,-0.3982279499069352,0.9064799346339507,0.657172244778024,0.6802908948046508,0.6499983713024513
